.Random.seed <-
c(403L, 10L, 1762134470L, -689070512L, 1246483059L, -1127487855L, 
1060462272L, 1045424286L, 761054313L, -1182994277L, 1445523882L, 
875153868L, -1687149425L, 357514437L, -1897878404L, 755966162L, 
480641101L, -1940399865L, 643239150L, 1230398920L, -1873098037L, 
-1729383639L, 457282424L, -1786132314L, 1814418113L, -2041011373L, 
-639815678L, -1139253964L, 1037047479L, 2001840813L, -1407898684L, 
1501000682L, 900086869L, 1824711151L, 527854070L, -1796935904L, 
-623402781L, 1271371137L, 932295664L, -1548027250L, 1786400249L, 
1158950795L, 1444965306L, 1273254588L, -1582855681L, -1457399979L, 
387821676L, -1929255742L, -1741041891L, -1891383913L, -201394946L, 
-953573704L, 221085851L, -100815111L, 1430511688L, 3863414L, 
-1049794895L, 896493283L, 858641842L, 1861500420L, -307317433L, 
1826418717L, 1062721172L, 1787518522L, 1581658245L, 2025829727L, 
1922932198L, -1865304976L, -195090541L, -15405007L, -149963040L, 
-1664387202L, -403214839L, 918849083L, -823191542L, -443070484L, 
-1314329489L, 635732901L, 1878926172L, -512651470L, -1168163283L, 
2033612007L, 433288718L, 715500520L, 432756203L, -1677525367L, 
2145529368L, 1238099270L, 267555745L, -1285398989L, -1565994078L, 
1777018516L, -1701649129L, 212034317L, 1026150948L, -544073206L, 
363963253L, 1047045839L, 588163542L, -1544092288L, -591118909L, 
60365665L, 1256604112L, 1951996206L, 613114073L, 492239595L, 
2038671194L, -1700208356L, 934619167L, -1994509195L, 215462156L, 
-243491614L, -2061077059L, -1442381257L, 979144926L, 2132139032L, 
1356350331L, -660573415L, -103100504L, -1310797994L, -807258159L, 
-1549737085L, 1888994834L, 345399716L, -953330329L, -1101342019L, 
769055284L, -1252236902L, -1240318491L, 890444159L, -1087917818L, 
1299434128L, -1240261837L, 1117872337L, 1541681792L, 1818075998L, 
569544873L, 1133114203L, -142540438L, 476341260L, 1395967055L, 
-962956027L, -426232388L, -959053678L, -586583155L, -1685716025L, 
2069674158L, 1611593992L, -37206261L, 1916322281L, 157271736L, 
112308582L, 1098527233L, -183784301L, -556656830L, -1443632908L, 
2015290615L, -1923744531L, -19976316L, -1010785878L, 1139169045L, 
-166640209L, 2041245110L, -1634462752L, -1215939805L, -1316635583L, 
-707965136L, 1224498510L, -777625671L, -1367352885L, 327424634L, 
2125467516L, -368156737L, 1842202773L, -1232685396L, 58926210L, 
2054521949L, 1837615959L, 1189516862L, 537598584L, 422947163L, 
-836515655L, -1121703672L, -1183949898L, 572922097L, 381800227L, 
-1144137358L, 2145356740L, 1816192903L, -1957991075L, 945013588L, 
-1846191750L, -1556818747L, 580617759L, -1046736474L, 393151280L, 
118567379L, 802142193L, 671781152L, -469471298L, -863969335L, 
-1681002629L, -1320299190L, 751346092L, 379993263L, -352835995L, 
-1872323044L, 1580912754L, -1853176083L, 2003757863L, 183830350L, 
1153183656L, -2114765909L, 1507539145L, -11026216L, 1667702150L, 
-1614990239L, 778302963L, 359314530L, -1478364460L, 558117847L, 
-719443507L, 203316580L, 1068112202L, 696950965L, 1915193359L, 
-1289740010L, 394705856L, -2117036157L, -1500549376L, -473259076L, 
-549522608L, -834674910L, -2012306104L, 1534176780L, -1219389348L, 
-590491438L, -2098999808L, 930189652L, 11419112L, 57932794L, 
2078334160L, 1479825708L, -1703008524L, -1538916974L, -1717018528L, 
1873507596L, 706091744L, -1891025566L, -1090919768L, -2115098036L, 
-1248987780L, -101508814L, 797551728L, -1143321788L, -1020853800L, 
498865274L, 1156851248L, 176439996L, -398765228L, 75755586L, 
-573363808L, -454101316L, 1461747152L, 2093686114L, -1367791640L, 
-644223028L, -1742953732L, 1192195570L, -1563407232L, 1279891700L, 
991402632L, -671954118L, -1376032944L, -2079139220L, 2088204436L, 
-1450573486L, 2040780512L, -510507316L, -218429280L, -666499198L, 
-132667672L, 491761388L, 1915949116L, 1619977842L, -745982864L, 
1858914852L, 847714360L, 410685466L, -629332272L, 1339718716L, 
-436859756L, 1090652290L, -152604736L, -1274119876L, 1554503312L, 
-846364638L, 296073224L, -233878388L, 1490981916L, 855321234L, 
1485664384L, -1200204780L, 1201195304L, 543525434L, -1987685168L, 
-273427348L, 1760788148L, 448268306L, -222541856L, 1963381708L, 
-605622816L, -85089758L, -1796834008L, 371119372L, -678474180L, 
-38469390L, 1252511472L, 1030262596L, 88399448L, 1417673274L, 
-1853612304L, -951160644L, -937713132L, 1432691906L, -780217248L, 
-597467780L, 243302608L, 905966626L, -1439166808L, 261399436L, 
-312902212L, 1526524978L, -37927104L, -302590796L, -1167071416L, 
-712197446L, -1263214832L, -1391964948L, 1409782868L, -647278830L, 
-1717729376L, 126497740L, -289135776L, -1280715582L, 1020196392L, 
-823290452L, 1146227516L, -1967540366L, -1374341328L, 1167611428L, 
1184240696L, -1568231206L, -862911088L, -90346756L, 1502266260L, 
556746562L, 1165135360L, 794850876L, 1746238032L, 1004562082L, 
-1372224696L, 62272012L, -1616074532L, 779053650L, 2130620544L, 
670387028L, -935455256L, -1698046214L, 623586128L, -1736401876L, 
168749428L, -1427556718L, -749990304L, 781436556L, 191457120L, 
1710115554L, -693071704L, 1938451660L, -1867603460L, -1673998414L, 
2055907824L, -776505916L, -1995760808L, -425447558L, 1815840176L, 
-2098485828L, -1202486188L, -1522067518L, -803285216L, -1159861316L, 
666502736L, -428471838L, 146883944L, 1731566924L, 1274950908L, 
-251729166L, -87801088L, 961941108L, 1900205064L, 1860020666L, 
95564752L, 353428972L, -168865900L, 321191634L, -134170016L, 
344751436L, -1746775776L, -1291727230L, 1357276648L, -386604052L, 
-676160964L, 1332758130L, 45120368L, 2102219044L, -354487752L, 
-601638502L, -941879856L, -1414328900L, 727291028L, 788322434L, 
1436884416L, 55316284L, -308232048L, 981814050L, -1447818744L, 
-1844434676L, 151898524L, -590869998L, 965570432L, 1124076308L, 
-1866825432L, -538146758L, 1973902288L, 56815212L, 812462644L, 
1970972306L, -1407918752L, 938887500L, 407532512L, 157491618L, 
813611432L, 1520236172L, 570506684L, 628896370L, -1049146384L, 
-1182465468L, -539529128L, -1013758918L, -1092914064L, 563405884L, 
-1740118764L, 459016898L, 1785837280L, 1644973180L, 1044433616L, 
-56773885L, 143345156L, -1941318094L, 1602717319L, -754054447L, 
-630621098L, -873155532L, 1512617797L, -1102094961L, -1018802936L, 
545140518L, -266678317L, 1395564853L, -1499948910L, -743696288L, 
1951460809L, -1211325189L, -1075082548L, 1075670874L, 597703247L, 
-1426850023L, 1974098222L, -978638020L, 1179816109L, 1763849047L, 
259561120L, -446169090L, -1448225077L, 510302413L, -1941816326L, 
-363403208L, -498806303L, -1463518573L, 1006399668L, 968761794L, 
-565376553L, -1115376095L, 1957473766L, -168090396L, -733324267L, 
-1460380609L, -1858391080L, 1580246518L, 1893680643L, -936992443L, 
111265122L, 293443280L, 1050472953L, 1851248939L, 1644198556L, 
-1047637814L, 1133615551L, -387240695L, -42963426L, 1618457548L, 
-121888355L, -1199154137L, -599948720L, 335498990L, -1041348709L, 
-811584003L, -1711511318L, -817800312L, -1017932495L, -1379725917L, 
1518475684L, 1485978706L, 1382016935L, 539833329L, 241911606L, 
539304916L, -899888795L, 726291823L, 1479239592L, 51449094L, 
-1675930573L, -70749547L, 1349534450L, 789777216L, -383819607L, 
-2020760293L, -394599700L, -435978502L, 797708079L, -1335529671L, 
-102289074L, -1029369956L, 2104892685L, 664995703L, -252181632L, 
1884674526L, -285368661L, -960077395L, 1582462490L, -599234344L, 
-1621338815L, -159851021L, 1385090068L, 677990818L, -156842313L, 
-1827303295L, -1373329274L, -468403004L, -461678091L, -933456801L, 
72599224L, -1790163050L, 588586403L, -107003547L, 1433282690L, 
1866023408L, 2007865241L, -898117237L, -240079748L, -1446246742L, 
1536876767L, 1273448041L, 1836274814L, 991018092L, 57269437L, 
-171772537L, -537800336L, 1520501774L, 1336850747L, -330693091L, 
1367923402L, 44422632L, -948782383L, 486196931L, -1862275644L, 
1467181682L, -1589218489L, -1739764975L, -746359146L, -538637324L, 
-334531195L, 205433039L, -2086436408L, -1558265754L, 175134355L, 
514393589L, 1942656978L, 337437728L, 2140435977L, -1264226501L, 
-2034965876L, 702576410L, -1829463665L, -1580402983L, -1933567634L, 
